1.00 0.6361 0.041449
2.00 0.6918 0.046422
3.00 0.7181 0.034926
4.00 0.7540 0.035187
5.00 0.7735 0.024931
6.00 0.7780 0.017145
7.00 0.7804 0.014238
8.00 0.7951 0.019627
9.00 0.7988 0.014253
10.00 0.8105 0.009737
11.00 0.8124 0.012915
12.00 0.8206 0.013034
13.00 0.8190 0.013606
14.00 0.8214 0.009664
15.00 0.8336 0.012984
16.00 0.8346 0.013033
17.00 0.8385 0.011682
18.00 0.8478 0.009087
19.00 0.8393 0.009911
20.00 0.8475 0.010710
21.00 0.8505 0.012234
22.00 0.8586 0.012746
23.00 0.8574 0.015094
24.00 0.8647 0.008667
25.00 0.8678 0.010834
26.00 0.8662 0.010690
27.00 0.8740 0.007445
28.00 0.8711 0.007978
29.00 0.8791 0.015091
30.00 0.8809 0.013772
31.00 0.8806 0.014687
32.00 0.8837 0.011645
33.00 0.8845 0.012532
34.00 0.8880 0.012294
35.00 0.8915 0.009166
36.00 0.8938 0.010402
37.00 0.8934 0.010534
38.00 0.8982 0.015685
39.00 0.9020 0.013775
40.00 0.9028 0.009121
41.00 0.9053 0.006859
42.00 0.9073 0.010674
43.00 0.9105 0.009960
44.00 0.9127 0.012334
45.00 0.9068 0.016840
46.00 0.9189 0.010310
47.00 0.9141 0.013976
48.00 0.9205 0.008980
49.00 0.9272 0.007545
50.00 0.9259 0.007829
51.00 0.9225 0.012004
52.00 0.9292 0.015580
53.00 0.9241 0.010460
54.00 0.9329 0.010114
55.00 0.9288 0.012761
56.00 0.9322 0.006372
57.00 0.9342 0.008041
58.00 0.9299 0.007406
59.00 0.9360 0.011388
60.00 0.9352 0.011001
61.00 0.9362 0.010873
62.00 0.9384 0.010082
63.00 0.9342 0.009538
64.00 0.9378 0.008231
65.00 0.9382 0.009425
66.00 0.9402 0.006257
67.00 0.9444 0.008861
68.00 0.9427 0.009135
69.00 0.9435 0.011352
70.00 0.9393 0.011298
71.00 0.9392 0.011561
72.00 0.9432 0.011480
73.00 0.9435 0.009980
74.00 0.9430 0.006584
75.00 0.9492 0.011340
76.00 0.9455 0.008208
77.00 0.9422 0.009133
78.00 0.9434 0.008301
79.00 0.9450 0.008236
80.00 0.9454 0.010700
81.00 0.9460 0.010783
82.00 0.9508 0.010766
83.00 0.9464 0.009415
84.00 0.9438 0.011138
85.00 0.9483 0.013618
86.00 0.9456 0.009544
87.00 0.9529 0.011767
88.00 0.9488 0.013088
89.00 0.9432 0.014942
90.00 0.9456 0.019219
91.00 0.9416 0.017958
92.00 0.9424 0.011103
93.00 0.9475 0.019913
94.00 0.9461 0.026317
95.00 0.9395 0.021939
96.00 0.9457 0.025466
97.00 0.9549 0.027099
98.00 0.9544 0.028629
